18	30.5
16	30.5
8	34.0
11	41.0
10	48.0
36	44.5
9	23.5
5	23.5
1	20
25	37.5
7	23.5
12	27.0
6	23.5
20	34.0
10	27.0
16	30.5
38	44.5
16	21.5
8	20.5
18	21.5
43	32.0
25	27.5
12	23.0
8	21.5
23	26.0
11	23.0
4	20
9	21.5
16	24.5
15	24.5
2	20
2	20
9	21.5
11	23.0
21	26.0
14	23.0
5	21.5
5	21.5
27	27.5
12	23.0
3	20
14	23.0
62	38.0
7	25.5
5	25.5
1	24
20	30.0
2	24
1	24
1	24
1	24
2	24
1	24
2	24
4	24
2	24
2	24
1	24
2	24
3	24
1	24
2	24
15	28.5
17	28.5
5	25.5
18	28.5
35	34.5
4	24
5	25.5
4	24
8	25.5
19	27
36	31
7	25
12	26
14	26
2	24
20	28
8	25
15	27
3	24
18	27
21	28
14	26
2	24
14	26
1	24
4	24
2	24
12	26
2	24
2	24
1	24
10	26
7	25
1	24
1	24
1	24
1	24
2	24
2	24
2	24
2	24
3	24
3	24
28	29
22	28
41	32
49	33
